period,symbol,Total_Current_Assets,Total_Current_Liabilities,net.current.assets,current.ratio
2015,NEE,6800000000,10110000000,-3310000000,0.6726013847675568
2016,NEE,7410000000,10920000000,-3510000000,0.6785714285714286
2017,NEE,7180000000,11240000000,-4060000000,0.6387900355871886
2018,NEE,6390000000,17560000000,-11170000000,0.36389521640091116
2019,NEE,7410000000,13850000000,-6440000000,0.5350180505415163
2015,D,4190000000,8120000000,-3930000000,0.5160098522167488
2016,D,4250000000,8120000000,-3870000000,0.5233990147783252
2017,D,4330000000,9640000000,-5310000000,0.4491701244813278
2018,D,5160000000,7650000000,-2490000000,0.6745098039215687
2019,D,6090000000,9940000000,-3850000000,0.6126760563380281
2015,DUK,8320000000,11400000000,-3080000000,0.7298245614035088
2016,DUK,8040000000,11550000000,-3510000000,0.6961038961038961
2017,DUK,8450000000,12480000000,-4030000000,0.6770833333333334
2018,DUK,9710000000,15040000000,-5330000000,0.6456117021276596
2019,DUK,9160000000,14750000000,-5590000000,0.6210169491525424
2015,SO,6530000000,9130000000,-2600000000,0.7152245345016429
2016,SO,9720000000,12920000000,-3200000000,0.7523219814241486
2017,SO,10070000000,13590000000,-3520000000,0.7409860191317145
2018,SO,9580000000,14290000000,-4710000000,0.6703988803358992
2019,SO,9820000000,12550000000,-2730000000,0.7824701195219124
2015,AEP,4070000000,7110000000,-3040000000,0.5724331926863573
2016,AEP,6030000000,9500000000,-3470000000,0.6347368421052632
2017,AEP,4250000000,8270000000,-4020000000,0.5139056831922612
2018,AEP,4110000000,8650000000,-4540000000,0.4751445086705202
2019,AEP,4080000000,10300000000,-6220000000,0.39611650485436894
2015,EXC,15330000000,9120000000,6210000000,1.680921052631579
2016,EXC,12410000000,13460000000,-1050000000,0.9219910846953938
2017,EXC,11900000000,10800000000,1100000000,1.1018518518518519
2018,EXC,13360000000,11400000000,1960000000,1.1719298245614036
2019,EXC,11990000000,14190000000,-2200000000,0.8449612403100775
2015,SRE,2890000000,4610000000,-1720000000,0.6268980477223427
2016,SRE,3110000000,5930000000,-2820000000,0.524451939291737
2017,SRE,3340000000,6640000000,-3300000000,0.5030120481927711
2018,SRE,3650000000,7520000000,-3870000000,0.4853723404255319
2019,SRE,3340000000,9150000000,-5810000000,0.3650273224043716
2015,XEL,2770000000,4060000000,-1290000000,0.6822660098522167
2016,XEL,2840000000,3250000000,-410000000,0.8738461538461538
2017,XEL,2970000000,4090000000,-1120000000,0.726161369193154
2018,XEL,3090000000,4460000000,-1370000000,0.6928251121076233
2019,XEL,3110000000,4570000000,-1460000000,0.6805251641137856
2015,ES,2620000000,2990000000,-370000000,0.8762541806020067
2016,ES,2480000000,3640000000,-1160000000,0.6813186813186813
2017,ES,2490000000,3590000000,-1100000000,0.6935933147632312
2018,ES,2290000000,4110000000,-1820000000,0.5571776155717761
2019,ES,2410000000,3610000000,-1200000000,0.667590027700831
2015,WEC,2210000000,2710000000,-500000000,0.8154981549815498
2016,WEC,2170000000,2430000000,-260000000,0.8930041152263375
2017,WEC,2210000000,3870000000,-1660000000,0.5710594315245479
2018,WEC,2250000000,3330000000,-1080000000,0.6756756756756757
2019,WEC,2090000000,3180000000,-1090000000,0.6572327044025157
2015,PEG,3490000000,3580000000,-90000000,0.9748603351955307
2016,PEG,3250000000,3280000000,-30000000,0.9908536585365854
2017,PEG,3310000000,4170000000,-860000000,0.7937649880095923
2018,PEG,3510000000,4940000000,-1430000000,0.7105263157894737
2019,PEG,3230000000,5050000000,-1820000000,0.6396039603960396
2015,ED,3840000000,4720000000,-880000000,0.8135593220338984
2016,ED,3410000000,3840000000,-430000000,0.8880208333333334
2017,ED,3540000000,4900000000,-1360000000,0.7224489795918367
2018,ED,3860000000,6210000000,-2350000000,0.6215780998389694
2019,ED,4270000000,6290000000,-2020000000,0.6788553259141494
2015,AWK,6700000,1530000000,-1523300000,0.004379084967320261
2016,AWK,7400000,2390000000,-2382600000,0.003096234309623431
2017,AWK,7000000,2330000000,-2323000000,0.0030042918454935624
2018,AWK,7100000,2090000000,-2082900000,0.0033971291866028708
2019,AWK,1290000000,2050000000,-760000000,0.6292682926829268
2015,FE,3040000000,5600000000,-2560000000,0.5428571428571428
2016,FE,2950000000,7130000000,-4180000000,0.41374474053295934
2017,FE,3110000000,4110000000,-1000000000,0.7566909975669099
2018,FE,2390000000,4630000000,-2240000000,0.5161987041036717
2019,FE,2440000000,4860000000,-2420000000,0.5020576131687243
2015,EIX,2650000000,4930000000,-2280000000,0.537525354969574
2016,EIX,2120000000,5910000000,-3790000000,0.3587140439932318
2017,EIX,3730000000,7070000000,-3340000000,0.5275813295615276
2018,EIX,3360000000,5400000000,-2040000000,0.6222222222222222
2019,EIX,3560000000,5520000000,-1960000000,0.644927536231884
2015,DTE,2580000000,2530000000,50000000,1.0197628458498025
2016,DTE,2760000000,2440000000,320000000,1.1311475409836065
2017,DTE,3080000000,2810000000,270000000,1.096085409252669
2018,DTE,3260000000,4440000000,-1180000000,0.7342342342342343
2019,DTE,3090000000,400000000,2690000000,7.725
2015,PPL,2650000000,3880000000,-1230000000,0.6829896907216495
2016,PPL,2070000000,3840000000,-1770000000,0.5390625
2017,PPL,2290000000,4020000000,-1730000000,0.5696517412935324
2018,PPL,2430000000,4560000000,-2130000000,0.5328947368421053
2019,PPL,2770000000,4900000000,-2130000000,0.5653061224489796
2015,ETR,3860000000,3090000000,770000000,1.249190938511327
2016,ETR,3430000000,3200000000,230000000,1.071875
2017,ETR,3060000000,5040000000,-1980000000,0.6071428571428571
2018,ETR,2700000000,5440000000,-2740000000,0.4963235294117647
2019,ETR,2890000000,5620000000,-2730000000,0.5142348754448398
2015,AEE,1920000000,2090000000,-170000000,0.9186602870813397
2016,AEE,1590000000,2670000000,-1080000000,0.5955056179775281
2017,AEE,1610000000,2940000000,-1330000000,0.5476190476190477
2018,AEE,1530000000,2690000000,-1160000000,0.5687732342007435
2019,AEE,1430000000,2510000000,-1080000000,0.5697211155378487
2015,CMS,2320000000,2300000000,20000000,1.008695652173913
2016,CMS,2280000000,2660000000,-380000000,0.8571428571428571
2017,CMS,2480000000,2780000000,-300000000,0.8920863309352518
2018,CMS,2470000000,2620000000,-150000000,0.9427480916030534
2019,CMS,2330000000,2700000000,-370000000,0.8629629629629629
2015,EVRG,717140000,836940000,-119800000,0.8568595120319258
2016,EVRG,768380000,1050000000,-281620000,0.7317904761904762
2017,EVRG,7700000,823700000,-816000000,0.009348063615393955
2018,EVRG,1680000000,2870000000,-1190000000,0.5853658536585366
2019,EVRG,1470000000,2340000000,-870000000,0.6282051282051282
2015,ATO,630990000,1150000000,-519010000,0.5486869565217392
2016,ATO,681690000,1790000000,-1108310000,0.3808324022346369
2017,ATO,539650000,1010000000,-470350000,0.5343069306930693
2018,ATO,478850000,1920000000,-1441150000,0.24940104166666666
2019,ATO,458030000,1210000000,-751970000,0.37853719008264464
2015,LNT,826800000,1360000000,-533200000,0.6079411764705882
2016,LNT,877100000,1160000000,-282900000,0.7561206896551724
2017,LNT,905100000,2150000000,-1244900000,0.4209767441860465
2018,LNT,785100000,1640000000,-854900000,0.47871951219512193
2019,LNT,875500000,2050000000,-1174500000,0.4270731707317073
2015,CNP,2690000000,2460000000,230000000,1.0934959349593496
2016,CNP,2920000000,3080000000,-160000000,0.948051948051948
2017,CNP,3400000000,3070000000,330000000,1.1074918566775245
2018,CNP,7030000000,3300000000,3730000000,2.1303030303030304
2019,CNP,3850000000,3890000000,-40000000,0.9897172236503856
2015,AES,6840000000,6930000000,-90000000,0.987012987012987
2016,AES,6420000000,5280000000,1140000000,1.2159090909090908
2017,AES,6400000000,6030000000,370000000,1.0613598673300166
2018,AES,5020000000,4400000000,620000000,1.1409090909090909
2019,AES,5230000000,5100000000,130000000,1.0254901960784313
2015,NI,1580000000,2660000000,-1080000000,0.5939849624060151
2016,NI,1760000000,3450000000,-1690000000,0.5101449275362319
2017,NI,1760000000,3180000000,-1420000000,0.5534591194968553
2018,NI,2060000000,4040000000,-1980000000,0.5099009900990099
2019,NI,1850000000,3750000000,-1900000000,0.49333333333333335
2015,PNW,890520000,1440000000,-549480000,0.6184166666666666
2016,PNW,809750000,1290000000,-480250000,0.6277131782945736
2017,PNW,940650000,1200000000,-259350000,0.783875
2018,PNW,887830000,1650000000,-762170000,0.5380787878787879
2019,PNW,959890000,2080000000,-1120110000,0.4614855769230769
2015,NRG,7390000000,4380000000,3010000000,1.687214611872146
2016,NRG,6710000000,4700000000,2010000000,1.4276595744680851
2017,NRG,4440000000,3350000000,1090000000,1.3253731343283581
2018,NRG,3600000000,2400000000,1200000000,1.5
2019,NRG,3090000000,2360000000,730000000,1.3093220338983051
