0.12207024113989212,0.17416065647224896,1441.8080180688876,1.8856551571714167e-4,0.17416065647224896,0.6944083589321786,0.2486430352587292,0.540810332551215,0.5152943708434388,1.1553305327270595,2.154990974153206
﻿0.07602109593578184,0.046181268136740714,827.3926032853825,5.746872002289678e-5,0.046181268136740714,0.10060978318279154,0.043206274490791736,0.17178914558977448,0.12614718388757,0.4504018802751208,0.45009120431447963
﻿0.2729183132085845,0.03133596149109955,NaN,0.024198653313156276,0.03133596149109955,1.6501039780464637,0.01868546652484306,0.060470324153124276,0.695571240121623,2.3093899062104017,3.3093899062104017
﻿0.012158533800423966,0.01038314945422449,NA,0.017045009698172412,0.01038314945422449,0.07553811955707282,0.006081975514846755,0.01789883591798491,0.029040791715156156,0.32302521751582347,0.32302521751582347
﻿0.060521550895759564,0.0777778120167262,2.70143477723705,0.0038773565438634202,0.0777778120167262,0.8415832932975523,0.08848939338716674,0.27952462258238064,0.6753886143653411,2.1196182926701934,3.2739941355602054
﻿0.024794419697463103,0.003800097028640706,0.24337168907512916,0.0023133138213896026,0.003800097028640706,0.1163804751698824,0.011617015982008044,0.06430516346395171,0.02596012382785316,0.2853336202374359,0.41188552525986866
﻿0.39254980352213376,0.081419624217119,0.9069767441860465,1.1250843153337378,0.081419624217119,0.5193899648027266,0.5709572395517802,1.4112180777442456,0.43957648603977073,0.28952937613412805,1.6537337546038273
﻿0.27738271067099557,NA,NA,0.6789341018739276,NA,0.32467480344178673,NA,NA,0.5621602059934587,0.268555186807307,0.5795877610574275
﻿0.1838507378344798,0.3913761500741469,10.848463932343407,0.09595600920327188,0.3913761500741469,0.2841650138251676,1.376683876163508,2.2662342172163727,0.3917266409867829,0.6465994206441902,1.6469214818358167
﻿0.04889808355515758,0.027459852541653302,1.6246700524663518,0.07386110234089044,0.027459852541653302,0.014241385136242688,0.05418931663391305,0.10759555527293212,0.025633700335157664,0.07057852093549134,0.07103503019688043
﻿0.3651773538856752,0.3023376667003768,1.3917466190649437,0.1430835822715357,0.3023376667003768,0.17873360462894472,1.62378824543816,4.019619939403684,0.5984806591665681,1.5019404727657566,2.5007315316457954
﻿0.15627029751462035,0.0854987963616647,0.6115507267122285,NA,0.0854987963616647,0.025031686043193998,0.4208323855415077,0.7676367794408007,0.030924188026288185,0.21414052990018154,0.2145856947556445
﻿0.08245454762023116,0.029546777925299236,4.404848320537348,0.007579520981826172,0.029546777925299236,1.723372861280326,0.018310607584767793,0.05169022754982651,0.6532913729156243,1.8915044551731695,2.8864594665084726
﻿0.013795738229112243,0.011471739024391202,1.1418135843187474,0.005820815012926643,0.011471739024391202,0.29266116536337183,0.010407903478238303,0.02715691840552524,0.02929063022319769,0.2495745587287047,0.24814251394638837
﻿0.41932543105321973,0.10399701052822741,467.1208848207475,5.509113619994242e-4,0.10399701052822741,0.657695384713559,0.15294958655802096,0.3537687497227048,0.456970372820861,1.0550498353648798,2.1590796269417565
﻿0.01897776517206955,0.058129767637196295,629.1692475166723,8.050837195444065e-5,0.058129767637196295,0.17334037065091215,0.08886814234750469,0.21520359151613502,0.23891769949473066,0.5999544930027807,0.3920145574170679
﻿0.12001303835736561,0.029221143249511583,2.706496798017969,0.005745198356118426,0.029221143249511583,0.6462504512383253,0.04573067290404492,0.24715580048172672,0.7566054894753896,4.012914690861775,5.012924150704742
﻿0.012337917222785065,0.012043223748169915,0.6402886875062567,NA,0.012043223748169915,0.1349724574498604,0.019062881621840205,0.19627120410691545,0.11088907720017852,2.6449281365648902,2.6449170834564364
﻿0.05854480510272913,0.0015543944002143015,3.3877438844680223,0.005726181061809289,0.0015543944002143015,0.9183032522153168,0.0038507042738998997,0.009263106015172518,1.84753381849385,1.6895796370872698,2.1204674836753488
﻿0.1249176328768649,5.866758118300095e-4,2.0107517221939464,0.004918915758956898,5.866758118300095e-4,1.1780213448131462,0.002543556092644283,0.005526768652462226,2.7916986319081576,0.5326065608706498,1.1100070791402872
﻿0.12565435261696245,0.10107938474500446,NaN,0.05028984596156597,0.10107938474500446,1.3640750059825473,0.07491291233555211,0.2136544054376943,0.6208174908142919,1.8585893367383481,2.8582481293587785
﻿0.022279499280867705,0.021690677739404068,NA,0.02845637253397861,0.021690677739404068,0.201114548898145,0.016382798895730005,0.07266676805774393,0.12250199298701607,0.8992519665970836,0.9011387368736193
﻿0.04326740383638426,0.08107608421259929,2.808981912380316,0.05871892604578689,0.08107608421259929,0.6657377921455611,0.11496990128029656,0.3208520999083513,0.6551448466906323,1.937109013144364,2.9372868787570123
﻿0.06495198691202814,0.059686745309643886,2.3251127221559647,0.00538157163828611,0.059686745309643886,0.07320921131384875,0.0809879479976209,0.2118352074146698,0.041260051942701624,0.3891611925710223,0.38872708859904465
﻿0.289809192423408,0.19888569944635887,13.365051677138398,0.08369813123764185,0.19888569944635887,0.8500206032640691,0.23504487408205724,0.5368502450849882,0.5590591267270797,1.2763326555458196,2.2794505079594467
﻿0.0047008066460586745,0.005656465724969498,1.2297090416502954,0.007551116706793418,0.005656465724969498,0.06945879948735366,0.017585838007401922,0.06007439608321954,0.02196552877166211,0.11274248434797884,0.11331088909223251
﻿0.17264774149318848,0.3196166928211707,7.156786852439026,0.05856385287375697,0.3196166928211707,0.5465951612721095,0.6634503072655906,1.7652881649542693,0.621957947262734,1.6610430744059392,2.649986987637756
﻿0.03228873862869959,0.017684695263947475,1.5164204774850931,0.04807262866829392,0.017684695263947475,0.09466753785843803,0.02381828253821658,0.17994129843535644,0.034944670692985985,0.2570886757497701,0.18418132520367173
﻿0.16211602528547428,0.3726869561979556,6.077966883964055,0.13988317757009347,0.3726869561979556,0.20504185597469005,1.8250906828687563,3.472971271382807,0.47331354494224914,0.9054029846275673,1.905039348263931
﻿0.03517581008590297,0.038979011947002665,0.8154949615550859,NA,0.038979011947002665,0.024272756231585164,0.13865171678703284,0.30408836411305884,0.037479427340238215,0.1244723127395286,0.12416233314439416
﻿0.39873664555949095,0.11325946882734973,15.225676693278762,0.040632567262541185,0.11325946882734973,0.676570528325902,0.16738662390088754,0.30004355191994536,0.4406473812552755,0.7975274474231367,1.7975339981420781
﻿0.01560015166984529,0.01490220344964978,7.251093253869231,0.014865391969470211,0.01490220344964978,0.044639276707913955,0.019399275426519962,0.03485942013326296,0.04591095717734047,0.14874973517246803,0.1487499931661952
﻿0.39873664555949095,0.11325946882734973,15.225676693278762,0.040632567262541185,0.11325946882734973,0.676570528325902,0.16738662390088754,0.30004355191994536,0.4406473812552755,0.7975274474231367,1.7975339981420781
﻿0.01560015166984529,0.01490220344964978,7.251093253869231,0.014865391969470211,0.01490220344964978,0.044639276707913955,0.019399275426519962,0.03485942013326296,0.04591095717734047,0.14874973517246803,0.1487499931661952
﻿0.39873664555949095,0.11325946882734973,15.225676693278762,0.040632567262541185,0.11325946882734973,0.676570528325902,0.16738662390088754,0.30004355191994536,0.4406473812552755,0.7975274474231367,1.7975339981420781
﻿0.01560015166984529,0.01490220344964978,7.251093253869231,0.014865391969470211,0.01490220344964978,0.044639276707913955,0.019399275426519962,0.03485942013326296,0.04591095717734047,0.14874973517246803,0.1487499931661952
